0	nan
1	1.11662e+008
2	5.58309e+007
3	3.72206e+007
4	2.79155e+007
5	2.23325e+007
6	1.86105e+007
7	1.5952e+007
8	1.39582e+007
9	1.24075e+007
10	1.11671e+007
11	1.01523e+007
12	9.30671e+006
13	8.59135e+006
14	7.97832e+006
15	7.44716e+006
16	6.98256e+006
17	6.57277e+006
18	6.20869e+006
19	5.88312e+006
20	5.5903e+006
21	5.32558e+006
22	5.08514e+006
23	4.86583e+006
24	4.66504e+006
25	4.48056e+006
26	4.31053e+006
27	4.15336e+006
28	4.00771e+006
29	3.87239e+006
30	3.7464e+006
31	3.62885e+006
32	3.51897e+006
33	3.41608e+006
34	3.3196e+006
35	3.22898e+006
36	3.14377e+006
37	3.06354e+006
38	2.98793e+006
39	2.91659e+006
40	2.84923e+006
41	2.78558e+006
42	2.72539e+006
43	2.66845e+006
44	2.61454e+006
45	2.5635e+006
46	2.51516e+006
47	2.46936e+006
48	2.42596e+006
49	2.38485e+006
50	2.3459e+006
51	2.30901e+006
52	2.27407e+006
53	2.24101e+006
54	2.20973e+006
55	2.18017e+006
56	2.15224e+006
57	2.12589e+006
58	2.10106e+006
59	2.07768e+006
60	2.05571e+006
61	2.0351e+006
62	2.0158e+006
63	1.99778e+006
64	1.98098e+006
65	1.96539e+006
66	1.95096e+006
67	1.93767e+006
68	1.92548e+006
69	1.91437e+006
70	1.90431e+006
71	1.89528e+006
72	1.88726e+006
73	1.88023e+006
74	1.87417e+006
75	1.86906e+006
76	1.86488e+006
77	1.86162e+006
78	1.85927e+006
79	1.85781e+006
80	1.85724e+006
81	1.85753e+006
82	1.85867e+006
83	1.86067e+006
84	1.86351e+006
85	1.86718e+006
86	1.87167e+006
87	1.87697e+006
88	1.88309e+006
89	1.89001e+006
90	1.89773e+006
91	1.90624e+006
92	1.91554e+006
93	1.92563e+006
94	1.93649e+006
95	1.94813e+006
96	1.96055e+006
97	1.97374e+006
98	1.9877e+006
99	2.00242e+006
100	2.01791e+006
101	2.03417e+006
102	2.05118e+006
103	2.06896e+006
104	2.0875e+006
105	2.10681e+006
106	2.12687e+006
107	2.14769e+006
108	2.16928e+006
109	2.19162e+006
110	2.21473e+006
111	2.2386e+006
112	2.26323e+006
113	2.28863e+006
114	2.3148e+006
115	2.34173e+006
116	2.36943e+006
117	2.3979e+006
118	2.42714e+006
119	2.45716e+006
120	2.48795e+006
121	2.51952e+006
122	2.55187e+006
123	2.58501e+006
124	2.61893e+006
125	2.65363e+006
126	2.68913e+006
127	2.72542e+006
128	2.76251e+006
129	2.80039e+006
130	2.83908e+006
131	2.87857e+006
132	2.91887e+006
133	2.95998e+006
134	3.0019e+006
135	3.04465e+006
136	3.08821e+006
137	3.13259e+006
138	3.17781e+006
139	3.22385e+006
140	3.27073e+006
141	3.31845e+006
142	3.36701e+006
143	3.41642e+006
144	3.46668e+006
145	3.51779e+006
146	3.56976e+006
147	3.62258e+006
148	3.67628e+006
149	3.73084e+006
150	3.78628e+006
151	3.84259e+006
152	3.89979e+006
153	3.95787e+006
154	4.01684e+006
155	4.0767e+006
156	4.13747e+006
157	4.19913e+006
158	4.2617e+006
159	4.32519e+006
160	4.38959e+006
161	4.4549e+006
162	4.52115e+006
163	4.58832e+006
164	4.65642e+006
165	4.72546e+006
166	4.79545e+006
167	4.86638e+006
168	4.93826e+006
169	5.01109e+006
170	5.08489e+006
171	5.15965e+006
172	5.23538e+006
173	5.31209e+006
174	5.38977e+006
175	5.46844e+006
176	5.54809e+006
177	5.62874e+006
178	5.71039e+006
179	5.79303e+006
180	5.87669e+006
181	5.96135e+006
182	6.04704e+006
183	6.13374e+006
184	6.22147e+006
185	6.31023e+006
186	6.40003e+006
187	6.49087e+006
188	6.58275e+006
189	6.67568e+006
190	6.76967e+006
191	6.86472e+006
192	6.96083e+006
193	7.05801e+006
194	7.15627e+006
195	7.25561e+006
196	7.35603e+006
197	7.45754e+006
198	7.56014e+006
199	7.66385e+006
200	7.76866e+006
201	7.87458e+006
202	7.98161e+006
203	8.08977e+006
204	8.19904e+006
205	8.30945e+006
206	8.42099e+006
207	8.53367e+006
208	8.6475e+006
209	8.76247e+006
210	8.8786e+006
211	8.99589e+006
212	9.11435e+006
213	9.23397e+006
214	9.35477e+006
215	9.47675e+006
216	9.59992e+006
217	9.72427e+006
218	9.84982e+006
219	9.97657e+006
220	1.01045e+007
221	1.02337e+007
222	1.03641e+007
223	1.04957e+007
224	1.06285e+007
225	1.07626e+007
226	1.08979e+007
227	1.10344e+007
228	1.11722e+007
229	1.13112e+007
230	1.14515e+007
231	1.15931e+007
232	1.17359e+007
233	1.188e+007
234	1.20254e+007
235	1.2172e+007
236	1.232e+007
237	1.24692e+007
238	1.26198e+007
239	1.27716e+007
240	1.29247e+007
241	1.30792e+007
242	1.3235e+007
243	1.33921e+007
244	1.35505e+007
245	1.37103e+007
246	1.38714e+007
247	1.40339e+007
248	1.41977e+007
249	1.43628e+007
250	1.45294e+007
251	1.46973e+007
252	1.48665e+007
253	1.50372e+007
254	1.52092e+007
255	1.53826e+007
256	1.55574e+007
257	1.57336e+007
258	1.59112e+007
259	1.60902e+007
260	1.62706e+007
261	1.64524e+007
262	1.66357e+007
263	1.68204e+007
264	1.70065e+007
265	1.71941e+007
266	1.73831e+007
267	1.75736e+007
268	1.77655e+007
269	1.79589e+007
270	1.81537e+007
271	1.835e+007
272	1.85478e+007
273	1.87471e+007
274	1.89479e+007
275	1.91501e+007
276	1.93539e+007
277	1.95591e+007
278	1.97659e+007
279	1.99742e+007
280	2.0184e+007
281	2.03953e+007
282	2.06082e+007
283	2.08226e+007
284	2.10385e+007
285	2.1256e+007
286	2.1475e+007
287	2.16956e+007
288	2.19177e+007
289	2.21414e+007
290	2.23667e+007
291	2.25936e+007
292	2.2822e+007
293	2.3052e+007
294	2.32836e+007
295	2.35169e+007
296	2.37517e+007
297	2.39881e+007
298	2.42262e+007
299	2.44658e+007
300	2.47071e+007
301	2.49501e+007
302	2.51946e+007
303	2.54408e+007
304	2.56887e+007
305	2.59382e+007
306	2.61893e+007
307	2.64422e+007
308	2.66966e+007
309	2.69528e+007
310	2.72106e+007
311	2.74702e+007
312	2.77314e+007
313	2.79943e+007
314	2.82589e+007
315	2.85252e+007
316	2.87932e+007
317	2.9063e+007
318	2.93344e+007
319	2.96076e+007
320	2.98825e+007
321	3.01592e+007
322	3.04376e+007
323	3.07177e+007
324	3.09996e+007
325	3.12833e+007
326	3.15687e+007
327	3.18559e+007
328	3.21449e+007
329	3.24356e+007
330	3.27282e+007
331	3.30225e+007
332	3.33186e+007
333	3.36165e+007
334	3.39163e+007
335	3.42178e+007
336	3.45212e+007
337	3.48263e+007
338	3.51333e+007
339	3.54422e+007
340	3.57529e+007
341	3.60654e+007
342	3.63798e+007
343	3.6696e+007
344	3.70141e+007
345	3.7334e+007
346	3.76559e+007
347	3.79796e+007
348	3.83052e+007
349	3.86326e+007
350	3.8962e+007
351	3.92933e+007
352	3.96264e+007
353	3.99615e+007
354	4.02985e+007
355	4.06374e+007
356	4.09782e+007
357	4.1321e+007
358	4.16657e+007
359	4.20123e+007
360	4.23609e+007
361	4.27115e+007
362	4.3064e+007
363	4.34184e+007
364	4.37748e+007
365	4.41332e+007
366	4.44936e+007
367	4.4856e+007
368	4.52203e+007
369	4.55867e+007
370	4.5955e+007
371	4.63254e+007
372	4.66977e+007
373	4.70721e+007
374	4.74485e+007
375	4.78269e+007
376	4.82074e+007
377	4.85899e+007
378	4.89744e+007
379	4.9361e+007
380	4.97496e+007
381	5.01403e+007
382	5.05331e+007
383	5.09279e+007
384	5.13248e+007
385	5.17238e+007
386	5.21249e+007
387	5.25281e+007
388	5.29333e+007
389	5.33407e+007
390	5.37502e+007
391	5.41617e+007
392	5.45754e+007
393	5.49913e+007
394	5.54092e+007
395	5.58293e+007
396	5.62515e+007
397	5.66759e+007
398	5.71024e+007
399	5.75311e+007
400	5.7962e+007
401	5.8395e+007
402	5.88301e+007
403	5.92675e+007
404	5.9707e+007
405	6.01488e+007
406	6.05927e+007
407	6.10388e+007
408	6.14871e+007
409	6.19377e+007
410	6.23904e+007
411	6.28454e+007
412	6.33026e+007
413	6.3762e+007
414	6.42237e+007
415	6.46876e+007
416	6.51537e+007
417	6.56221e+007
418	6.60928e+007
419	6.65657e+007
420	6.70409e+007
421	6.75184e+007
422	6.79981e+007
423	6.84802e+007
424	6.89645e+007
425	6.94511e+007
426	6.994e+007
427	7.04313e+007
428	7.09248e+007
429	7.14207e+007
430	7.19188e+007
431	7.24194e+007
432	7.29222e+007
433	7.34274e+007
434	7.39349e+007
435	7.44448e+007
436	7.4957e+007
437	7.54716e+007
438	7.59886e+007
439	7.65079e+007
440	7.70296e+007
441	7.75537e+007
442	7.80801e+007
443	7.8609e+007
444	7.91403e+007
445	7.96739e+007
446	8.021e+007
447	8.07485e+007
448	8.12894e+007
449	8.18328e+007
450	8.23785e+007
451	8.29267e+007
452	8.34774e+007
453	8.40305e+007
454	8.4586e+007
455	8.5144e+007
456	8.57045e+007
457	8.62674e+007
458	8.68328e+007
459	8.74007e+007
460	8.79711e+007
461	8.85439e+007
462	8.91193e+007
463	8.96971e+007
464	9.02775e+007
465	9.08604e+007
466	9.14458e+007
467	9.20337e+007
468	9.26241e+007
469	9.32171e+007
470	9.38126e+007
471	9.44107e+007
472	9.50113e+007
473	9.56144e+007
474	9.62201e+007
475	9.68284e+007
476	9.74393e+007
477	9.80527e+007
478	9.86687e+007
479	9.92873e+007
480	9.99085e+007
481	1.00532e+008
482	1.01159e+008
483	1.01788e+008
484	1.02419e+008
485	1.03054e+008
486	1.0369e+008
487	1.0433e+008
488	1.04972e+008
489	1.05617e+008
490	1.06264e+008
491	1.06914e+008
492	1.07567e+008
493	1.08222e+008
494	1.0888e+008
495	1.09541e+008
496	1.10205e+008
497	1.10871e+008
498	1.11539e+008
499	1.12211e+008
500	1.12885e+008
501	1.13562e+008
502	1.14242e+008
503	1.14924e+008
504	1.15609e+008
505	1.16297e+008
506	1.16987e+008
507	1.1768e+008
508	1.18376e+008
509	1.19075e+008
510	1.19776e+008
511	1.20481e+008
512	1.21188e+008
513	1.21897e+008
514	1.2261e+008
515	1.23325e+008
516	1.24043e+008
517	1.24764e+008
518	1.25488e+008
519	1.26215e+008
520	1.26944e+008
521	1.27676e+008
522	1.28411e+008
523	1.29149e+008
524	1.29889e+008
525	1.30633e+008
526	1.31379e+008
527	1.32128e+008
528	1.3288e+008
529	1.33635e+008
530	1.34393e+008
531	1.35153e+008
532	1.35917e+008
533	1.36683e+008
534	1.37452e+008
535	1.38224e+008
536	1.38999e+008
537	1.39777e+008
538	1.40558e+008
539	1.41341e+008
540	1.42128e+008
541	1.42918e+008
542	1.4371e+008
543	1.44505e+008
544	1.45304e+008
545	1.46105e+008
546	1.46909e+008
547	1.47716e+008
548	1.48527e+008
549	1.4934e+008
550	1.50156e+008
551	1.50975e+008
552	1.51797e+008
553	1.52622e+008
554	1.5345e+008
555	1.54281e+008
556	1.55115e+008
557	1.55952e+008
558	1.56792e+008
559	1.57635e+008
560	1.58481e+008
561	1.5933e+008
562	1.60182e+008
563	1.61037e+008
564	1.61896e+008
565	1.62757e+008
566	1.63621e+008
567	1.64489e+008
568	1.65359e+008
569	1.66233e+008
570	1.67109e+008
571	1.67989e+008
572	1.68872e+008
573	1.69758e+008
574	1.70647e+008
575	1.71539e+008
576	1.72434e+008
577	1.73332e+008
578	1.74234e+008
579	1.75138e+008
580	1.76046e+008
581	1.76957e+008
582	1.77871e+008
583	1.78788e+008
584	1.79708e+008
585	1.80631e+008
586	1.81558e+008
587	1.82488e+008
588	1.83421e+008
589	1.84357e+008
590	1.85296e+008
591	1.86239e+008
592	1.87184e+008
593	1.88133e+008
594	1.89085e+008
595	1.90041e+008
596	1.90999e+008
597	1.91961e+008
598	1.92926e+008
599	1.93894e+008
600	1.94866e+008
601	1.9584e+008
602	1.96818e+008
603	1.97799e+008
604	1.98784e+008
605	1.99772e+008
606	2.00763e+008
607	2.01757e+008
608	2.02755e+008
609	2.03755e+008
610	2.0476e+008
611	2.05767e+008
612	2.06778e+008
613	2.07792e+008
614	2.08809e+008
615	2.0983e+008
616	2.10854e+008
617	2.11881e+008
618	2.12912e+008
619	2.13946e+008
620	2.14984e+008
621	2.16024e+008
622	2.17069e+008
623	2.18116e+008
624	2.19167e+008
625	2.20221e+008
626	2.21279e+008
627	2.2234e+008
628	2.23404e+008
629	2.24472e+008
630	2.25543e+008
631	2.26618e+008
632	2.27696e+008
633	2.28777e+008
634	2.29862e+008
635	2.3095e+008
636	2.32042e+008
637	2.33137e+008
638	2.34236e+008
639	2.35338e+008
640	2.36443e+008
641	2.37552e+008
642	2.38665e+008
643	2.39781e+008
644	2.409e+008
645	2.42023e+008
646	2.43149e+008
647	2.44279e+008
648	2.45412e+008
649	2.46549e+008
650	2.4769e+008
651	2.48833e+008
652	2.49981e+008
653	2.51132e+008
654	2.52286e+008
655	2.53444e+008
656	2.54606e+008
657	2.55771e+008
658	2.5694e+008
659	2.58112e+008
660	2.59288e+008
661	2.60467e+008
662	2.6165e+008
663	2.62836e+008
664	2.64026e+008
665	2.6522e+008
666	2.66417e+008
667	2.67618e+008
668	2.68823e+008
669	2.70031e+008
670	2.71242e+008
671	2.72458e+008
672	2.73677e+008
673	2.74899e+008
674	2.76126e+008
675	2.77356e+008
676	2.78589e+008
677	2.79826e+008
678	2.81067e+008
679	2.82312e+008
680	2.8356e+008
681	2.84812e+008
682	2.86067e+008
683	2.87326e+008
684	2.88589e+008
685	2.89856e+008
686	2.91126e+008
687	2.924e+008
688	2.93678e+008
689	2.9496e+008
690	2.96245e+008
691	2.97534e+008
692	2.98827e+008
693	3.00123e+008
694	3.01423e+008
695	3.02727e+008
696	3.04035e+008
697	3.05346e+008
698	3.06661e+008
699	3.0798e+008
700	3.09303e+008
701	3.1063e+008
702	3.1196e+008
703	3.13294e+008
704	3.14632e+008
705	3.15974e+008
706	3.1732e+008
707	3.18669e+008
708	3.20022e+008
709	3.21379e+008
710	3.2274e+008
711	3.24105e+008
712	3.25474e+008
713	3.26846e+008
714	3.28222e+008
715	3.29602e+008
716	3.30986e+008
717	3.32374e+008
718	3.33766e+008
719	3.35162e+008
720	3.36561e+008
721	3.37965e+008
722	3.39372e+008
723	3.40783e+008
724	3.42198e+008
725	3.43617e+008
726	3.4504e+008
727	3.46467e+008
728	3.47898e+008
729	3.49333e+008
730	3.50772e+008
731	3.52214e+008
732	3.53661e+008
733	3.55111e+008
734	3.56566e+008
735	3.58024e+008
736	3.59487e+008
737	3.60953e+008
738	3.62424e+008
739	3.63898e+008
740	3.65377e+008
741	3.66859e+008
742	3.68346e+008
743	3.69836e+008
744	3.71331e+008
745	3.72829e+008
746	3.74332e+008
747	3.75838e+008
748	3.77349e+008
749	3.78863e+008
750	3.80382e+008
751	3.81905e+008
752	3.83432e+008
753	3.84963e+008
754	3.86498e+008
