0	inf
1	4.40496e+007
2	1.10124e+007
3	4.8944e+006
4	2.7531e+006
5	1.76198e+006
6	1.2236e+006
7	898971
8	688275
9	543822
10	440496
11	364046
12	305900
13	260649
14	224743
15	195776
16	172069
17	152421
18	135956
19	122022
20	110125
21	99886.7
22	91012.7
23	83270.8
24	76476.3
25	70480.8
26	65163.7
27	60426.4
28	56187.5
29	52379.6
30	48946.1
31	45839.5
32	43019.6
33	40452.2
34	38107.9
35	35961.8
36	33992
37	32179.7
38	30508.7
39	28964.6
40	27534.8
41	26208.4
42	24975.6
43	23827.9
44	22757.5
45	21757.7
46	20822.5
47	19946.3
48	19124.3
49	18352.1
50	17625.8
51	16941.9
52	16297
53	15688.3
54	15113.2
55	14569.1
56	14054
57	13565.7
58	13102.5
59	12662.7
60	12244.7
61	11847
62	11468.6
63	11108
64	10764.1
65	10436.1
66	10122.9
67	9823.58
68	9537.41
69	9263.62
70	9001.5
71	8750.39
72	8509.69
73	8278.83
74	8057.29
75	7844.57
76	7640.21
77	7443.77
78	7254.87
79	7073.11
80	6898.14
81	6729.63
82	6567.27
83	6410.76
84	6259.83
85	6114.21
86	5973.66
87	5837.94
88	5706.85
89	5580.17
90	5457.71
91	5339.28
92	5224.71
93	5113.83
94	5006.5
95	4902.55
96	4801.86
97	4704.28
98	4609.69
99	4517.98
100	4429.02
101	4342.7
102	4258.94
103	4177.62
104	4098.65
105	4021.95
106	3947.43
107	3875.01
108	3804.6
109	3736.15
110	3669.57
111	3604.81
112	3541.79
113	3480.45
114	3420.74
115	3362.6
116	3305.98
117	3250.82
118	3197.07
119	3144.7
120	3093.64
121	3043.87
122	2995.34
123	2948
124	2901.82
125	2856.77
126	2812.8
127	2769.88
128	2727.99
129	2687.09
130	2647.14
131	2608.13
132	2570.02
133	2532.78
134	2496.4
135	2460.84
136	2426.07
137	2392.09
138	2358.86
139	2326.37
140	2294.58
141	2263.5
142	2233.08
143	2203.32
144	2174.2
145	2145.69
146	2117.79
147	2090.47
148	2063.73
149	2037.54
150	2011.89
151	1986.77
152	1962.17
153	1938.06
154	1914.44
155	1891.29
156	1868.61
157	1846.38
158	1824.59
159	1803.22
160	1782.28
161	1761.74
162	1741.61
163	1721.86
164	1702.49
165	1683.49
166	1664.85
167	1646.56
168	1628.62
169	1611.02
170	1593.74
171	1576.79
172	1560.15
173	1543.81
174	1527.78
175	1512.04
176	1496.58
177	1481.41
178	1466.51
179	1451.88
180	1437.51
181	1423.4
182	1409.54
183	1395.92
184	1382.54
185	1369.4
186	1356.49
187	1343.81
188	1331.35
189	1319.1
190	1307.07
191	1295.24
192	1283.62
193	1272.19
194	1260.96
195	1249.93
196	1239.08
197	1228.41
198	1217.92
199	1207.62
200	1197.48
201	1187.51
202	1177.72
203	1168.08
204	1158.61
205	1149.29
206	1140.13
207	1131.11
208	1122.25
209	1113.54
210	1104.96
211	1096.53
212	1088.24
213	1080.08
214	1072.05
215	1064.16
216	1056.39
217	1048.75
218	1041.24
219	1033.84
220	1026.57
221	1019.41
222	1012.37
223	1005.44
224	998.626
225	991.92
226	985.322
227	978.83
228	972.443
229	966.158
230	959.974
231	953.889
232	947.902
233	942.011
234	936.215
235	930.511
236	924.899
237	919.377
238	913.943
239	908.597
240	903.337
241	898.161
242	893.068
243	888.057
244	883.127
245	878.276
246	873.503
247	868.807
248	864.187
249	859.642
250	855.17
251	850.771
252	846.443
253	842.185
254	837.997
255	833.877
256	829.825
257	825.838
258	821.918
259	818.061
260	814.268
261	810.538
262	806.87
263	803.262
264	799.715
265	796.227
266	792.797
267	789.425
268	786.109
269	782.85
270	779.646
271	776.497
272	773.401
273	770.358
274	767.368
275	764.43
276	761.542
277	758.705
278	755.918
279	753.179
280	750.489
281	747.847
282	745.252
283	742.704
284	740.202
285	737.745
286	735.333
287	732.966
288	730.642
289	728.361
290	726.123
291	723.927
292	721.773
293	719.66
294	717.588
295	715.556
296	713.564
297	711.611
298	709.696
299	707.82
300	705.982
301	704.182
302	702.418
303	700.691
304	699
305	697.345
306	695.725
307	694.14
308	692.59
309	691.074
310	689.592
311	688.143
312	686.727
313	685.344
314	683.993
315	682.675
316	681.387
317	680.132
318	678.907
319	677.713
320	676.549
321	675.415
322	674.311
323	673.237
324	672.191
325	671.174
326	670.186
327	669.226
328	668.294
329	667.389
330	666.512
331	665.662
332	664.839
333	664.042
334	663.272
335	662.528
336	661.809
337	661.117
338	660.449
339	659.806
340	659.189
341	658.596
342	658.027
343	657.482
344	656.961
345	656.464
346	655.991
347	655.541
348	655.113
349	654.709
350	654.327
351	653.968
352	653.63
353	653.315
354	653.022
355	652.75
356	652.5
357	652.271
358	652.063
359	651.876
360	651.71
361	651.565
362	651.439
363	651.334
364	651.249
365	651.184
366	651.138
367	651.112
368	651.106
369	651.118
370	651.15
371	651.201
372	651.27
373	651.358
374	651.465
375	651.589
376	651.732
377	651.893
378	652.072
379	652.269
380	652.483
381	652.715
382	652.964
383	653.23
384	653.514
385	653.814
386	654.132
387	654.466
388	654.816
389	655.183
390	655.567
391	655.966
392	656.382
393	656.814
394	657.261
395	657.725
396	658.204
397	658.698
398	659.209
399	659.734
400	660.275
401	660.831
402	661.401
403	661.987
404	662.588
405	663.203
406	663.833
407	664.478
408	665.137
409	665.81
410	666.498
411	667.199
412	667.915
413	668.645
414	669.389
415	670.146
416	670.917
417	671.702
418	672.501
419	673.313
420	674.138
421	674.977
422	675.828
423	676.693
424	677.571
425	678.462
426	679.366
427	680.283
428	681.213
429	682.155
430	683.11
431	684.077
432	685.057
433	686.049
434	687.054
435	688.071
436	689.1
437	690.141
438	691.194
439	692.259
440	693.336
441	694.425
442	695.526
443	696.639
444	697.763
445	698.899
446	700.046
447	701.205
448	702.375
449	703.557
450	704.75
451	705.954
452	707.17
453	708.396
454	709.634
455	710.883
456	712.142
457	713.413
458	714.694
459	715.987
460	717.29
461	718.604
462	719.928
463	721.263
464	722.609
465	723.965
466	725.332
467	726.709
468	728.096
469	729.494
470	730.902
471	732.32
472	733.748
473	735.187
474	736.636
475	738.094
476	739.563
477	741.042
478	742.53
479	744.029
480	745.537
481	747.055
482	748.583
483	750.12
484	751.667
485	753.224
486	754.791
487	756.367
488	757.952
489	759.547
490	761.151
491	762.765
492	764.388
493	766.021
494	767.663
495	769.314
496	770.974
497	772.643
498	774.322
499	776.009
500	777.706
501	779.412
502	781.127
503	782.85
504	784.583
505	786.325
506	788.075
507	789.834
508	791.602
509	793.379
510	795.165
511	796.959
512	798.762
513	800.574
514	802.394
515	804.223
516	806.061
517	807.907
518	809.761
519	811.624
520	813.496
521	815.376
522	817.264
523	819.161
524	821.066
525	822.979
526	824.901
527	826.831
528	828.769
529	830.715
530	832.67
531	834.633
532	836.603
533	838.582
534	840.569
535	842.565
536	844.568
537	846.579
538	848.598
539	850.625
540	852.66
541	854.703
542	856.754
543	858.813
544	860.879
545	862.954
546	865.036
547	867.126
548	869.224
549	871.33
550	873.443
551	875.564
552	877.692
553	879.829
554	881.973
555	884.124
556	886.283
557	888.45
558	890.624
559	892.806
560	894.995
561	897.192
562	899.397
563	901.608
564	903.828
565	906.054
566	908.288
567	910.53
568	912.779
569	915.035
570	917.298
571	919.569
572	921.847
573	924.133
574	926.425
575	928.725
576	931.032
577	933.347
578	935.668
579	937.997
580	940.333
581	942.676
582	945.026
583	947.383
584	949.748
585	952.119
586	954.498
587	956.883
588	959.276
589	961.676
590	964.082
591	966.496
592	968.917
593	971.344
594	973.779
595	976.22
596	978.669
597	981.124
598	983.586
599	986.055
600	988.531
601	991.014
602	993.503
603	996
604	998.503
605	1001.01
606	1003.53
607	1006.05
608	1008.58
609	1011.12
610	1013.67
611	1016.22
612	1018.77
613	1021.34
614	1023.91
615	1026.48
616	1029.07
617	1031.66
618	1034.26
619	1036.86
620	1039.47
621	1042.09
622	1044.71
623	1047.34
624	1049.98
625	1052.62
626	1055.27
627	1057.93
628	1060.59
629	1063.26
630	1065.94
631	1068.62
632	1071.31
633	1074
634	1076.71
635	1079.41
636	1082.13
637	1084.85
638	1087.58
639	1090.31
640	1093.05
641	1095.8
642	1098.55
643	1101.31
644	1104.08
645	1106.85
646	1109.63
647	1112.41
648	1115.21
649	1118
650	1120.81
651	1123.62
652	1126.43
653	1129.26
654	1132.09
655	1134.92
656	1137.76
657	1140.61
658	1143.46
659	1146.32
660	1149.19
661	1152.06
662	1154.94
663	1157.83
664	1160.72
665	1163.62
666	1166.52
667	1169.43
668	1172.35
669	1175.27
670	1178.2
671	1181.13
672	1184.07
673	1187.02
674	1189.97
675	1192.93
676	1195.89
677	1198.86
678	1201.84
679	1204.82
680	1207.81
681	1210.81
682	1213.81
683	1216.81
684	1219.83
685	1222.85
686	1225.87
687	1228.9
688	1231.94
689	1234.98
690	1238.03
691	1241.09
692	1244.15
693	1247.22
694	1250.29
695	1253.37
696	1256.45
697	1259.54
698	1262.64
699	1265.74
700	1268.85
701	1271.97
702	1275.09
703	1278.21
704	1281.35
705	1284.48
706	1287.63
707	1290.78
708	1293.93
709	1297.1
710	1300.26
711	1303.44
712	1306.62
713	1309.8
714	1312.99
715	1316.19
716	1319.39
717	1322.6
718	1325.81
719	1329.03
720	1332.26
721	1335.49
722	1338.73
723	1341.97
724	1345.22
725	1348.47
726	1351.73
727	1355
728	1358.27
729	1361.55
730	1364.83
731	1368.12
732	1371.42
733	1374.72
734	1378.03
735	1381.34
736	1384.66
737	1387.98
738	1391.31
739	1394.64
740	1397.98
741	1401.33
742	1404.68
743	1408.04
744	1411.4
745	1414.77
746	1418.15
747	1421.53
748	1424.91
749	1428.31
750	1431.7
