130	346.171	1237.22
131	344.086	1237.22
132	342.045	1237.22
133	340.048	1237.22
134	338.094	1237.22
135	336.181	1237.22
136	334.31	1237.22
137	332.48	1237.22
138	330.69	1237.22
139	328.939	1237.22
140	327.226	1237.22
141	325.552	1237.22
142	323.915	1237.22
143	322.314	1237.22
144	320.75	1237.22
145	319.222	1237.22
146	317.728	1237.22
147	316.27	1237.22
148	314.845	1237.22
149	313.454	1237.22
150	312.096	1237.22
151	310.771	1237.22
152	309.478	1237.22
153	308.217	1237.22
154	306.987	1237.22
155	305.789	1237.22
156	304.62	1237.22
157	303.482	1237.22
158	302.374	1237.22
159	301.295	1237.22
160	300.245	1237.22
161	299.224	1237.22
162	298.231	1237.22
163	297.266	1237.22
164	296.329	1237.22
165	295.42	1237.22
166	294.537	1237.22
167	293.682	1237.22
168	292.853	1237.22
169	292.05	1237.22
170	291.273	1237.22
171	290.522	1237.22
172	289.796	1237.22
173	289.096	1237.22
174	288.421	1237.22
175	287.77	1237.22
176	287.144	1237.22
177	286.543	1237.22
178	285.965	1237.22
179	285.411	1237.22
180	284.881	1237.22
181	284.375	1237.22
182	283.892	1237.22
183	283.432	1237.22
184	282.995	1237.22
185	282.58	1237.22
186	282.188	1237.22
187	281.819	1237.22
188	281.472	1237.22
189	281.147	1237.22
190	280.844	1237.22
191	280.563	1237.22
192	280.303	1237.22
193	280.065	1237.22
194	279.849	1237.22
195	279.653	1237.22
196	279.479	1237.22
197	279.326	1237.22
198	279.193	1237.22
199	279.082	1237.22
200	278.99	1237.22
201	278.92	1237.22
202	278.87	1237.22
203	278.84	1237.22
204	278.83	1237.22
205	278.841	1237.22
206	278.871	1237.22
207	278.922	1237.22
208	278.992	1237.22
209	279.082	1237.22
210	279.192	1237.22
211	279.321	1237.22
212	279.469	1237.22
213	279.637	1237.22
214	279.825	1237.22
215	280.031	1237.22
216	280.257	1237.22
217	280.502	1237.22
218	280.766	1237.22
219	281.049	1237.22
220	281.351	1237.22
221	281.672	1237.22
222	282.011	1237.22
223	282.369	1237.22
224	282.746	1237.22
225	283.142	1237.22
226	283.556	1237.22
227	283.989	1237.22
228	284.44	1237.22
229	284.909	1237.22
230	285.397	1237.22
231	285.904	1237.22
232	286.428	1237.22
233	286.971	1237.22
234	287.532	1237.22
235	288.111	1237.22
236	288.709	1237.22
237	289.324	1237.22
238	289.958	1237.22
239	290.61	1237.22
240	291.28	1237.22
241	291.967	1237.22
242	292.673	1237.22
243	293.397	1237.22
244	294.138	1237.22
245	294.898	1237.22
246	295.675	1237.22
247	296.47	1237.22
248	297.283	1237.22
249	298.114	1237.22
250	298.963	1237.22
251	299.829	1237.22
252	300.714	1237.22
253	301.616	1237.22
254	302.535	1237.22
255	303.473	1237.22
256	304.428	1237.22
257	305.401	1237.22
258	306.391	1237.22
259	307.399	1237.22
260	308.425	1237.22
261	309.469	1237.22
262	310.53	1237.22
263	311.609	1237.22
264	312.705	1237.22
265	313.819	1237.22
266	314.951	1237.22
267	316.101	1237.22
268	317.268	1237.22
269	318.452	1237.22
270	319.655	1237.22
271	320.875	1237.22
272	322.112	1237.22
273	323.368	1237.22
274	324.641	1237.22
275	325.931	1237.22
276	327.24	1237.22
277	328.565	1237.22
278	329.909	1237.22
279	331.27	1237.22
280	332.649	1237.22
281	334.046	1237.22
282	335.46	1237.22
283	336.892	1237.22
284	338.342	1237.22
285	339.809	1237.22
286	341.294	1237.22
287	342.797	1237.22
288	344.318	1237.22
289	345.856	1237.22
290	347.412	1237.22
291	348.986	1237.22
292	350.578	1237.22
293	352.188	1237.22
294	353.815	1237.22
295	355.461	1237.22
296	357.124	1237.22
297	358.805	1237.22
298	360.504	1237.22
299	362.22	1237.22
300	363.955	1237.22
301	365.708	1237.22
302	367.479	1237.22
303	369.267	1237.22
304	371.074	1237.22
305	372.898	1237.22
306	374.741	1237.22
307	376.602	1237.22
308	378.481	1237.22
309	380.378	1237.22
310	382.293	1237.22
311	384.226	1237.22
312	386.177	1237.22
313	388.147	1237.22
314	390.134	1237.22
315	392.14	1237.22
316	394.165	1237.22
317	396.207	1237.22
318	398.268	1237.22
319	400.347	1237.22
320	402.445	1237.22
321	404.56	1237.22
322	406.695	1237.22
323	408.847	1237.22
324	411.018	1237.22
325	413.208	1237.22
326	415.416	1237.22
327	417.643	1237.22
328	419.888	1237.22
329	422.152	1237.22
330	424.434	1237.22
331	426.735	1237.22
332	429.055	1237.22
333	431.393	1237.22
334	433.75	1237.22
335	436.126	1237.22
336	438.521	1237.22
337	440.934	1237.22
338	443.366	1237.22
339	445.817	1237.22
340	448.287	1237.22
341	450.776	1237.22
342	453.284	1237.22
343	455.811	1237.22
344	458.357	1237.22
345	460.922	1237.22
346	463.506	1237.22
347	466.109	1237.22
348	468.732	1237.22
349	471.373	1237.22
350	474.034	1237.22
351	476.714	1237.22
352	479.413	1237.22
353	482.131	1237.22
354	484.869	1237.22
355	487.626	1237.22
356	490.403	1237.22
357	493.199	1237.22
358	496.014	1237.22
359	498.849	1237.22
360	501.704	1237.22
361	504.578	1237.22
362	507.472	1237.22
363	510.385	1237.22
364	513.318	1237.22
365	516.271	1237.22
366	519.243	1237.22
367	522.236	1237.22
368	525.248	1237.22
369	528.279	1237.22
370	531.331	1237.22
371	534.403	1237.22
372	537.495	1237.22
373	540.606	1237.22
374	543.738	1237.22
375	546.89	1237.22
376	550.062	1237.22
377	553.254	1237.22
378	556.466	1237.22
379	559.698	1237.22
380	562.951	1237.22
381	566.223	1237.22
382	569.517	1237.22
383	572.83	1237.22
384	576.164	1237.22
385	579.519	1237.22
386	582.893	1237.22
387	586.289	1237.22
388	589.705	1237.22
389	593.141	1237.22
390	596.598	1237.22
391	600.076	1237.22
392	603.574	1237.22
393	607.094	1237.22
394	610.634	1237.22
395	614.194	1237.22
396	617.776	1237.22
397	621.379	1237.22
398	625.002	1237.22
399	628.646	1237.22
400	632.312	1237.22
401	635.998	1237.22
402	639.706	1237.22
403	643.434	1237.22
404	647.184	1237.22
405	650.955	1237.22
406	654.748	1237.22
407	658.561	1237.22
408	662.396	1237.22
409	666.252	1237.22
410	670.13	1237.22
411	674.029	1237.22
412	677.95	1237.22
413	681.892	1237.22
414	685.855	1237.22
415	689.841	1237.22
416	693.848	1237.22
417	697.876	1237.22
418	701.927	1237.22
419	705.999	1237.22
420	710.093	1237.22
421	714.208	1237.22
422	718.346	1237.22
423	722.506	1237.22
424	726.687	1237.22
425	730.891	1237.22
426	735.116	1237.22
427	739.364	1237.22
428	743.634	1237.22
429	747.926	1237.22
430	752.24	1237.22
431	756.577	1237.22
432	760.936	1237.22
433	765.317	1237.22
434	769.72	1237.22
435	774.146	1237.22
436	778.595	1237.22
437	783.066	1237.22
438	787.559	1237.22
439	792.075	1237.22
440	796.614	1237.22
441	801.176	1237.22
442	805.76	1237.22
443	810.367	1237.22
444	814.997	1237.22
445	819.649	1237.22
446	824.325	1237.22
447	829.023	1237.22
448	833.745	1237.22
449	838.489	1237.22
450	843.257	1237.22
451	848.048	1237.22
452	852.861	1237.22
453	857.698	1237.22
454	862.559	1237.22
455	867.442	1237.22
456	872.349	1237.22
457	877.279	1237.22
458	882.233	1237.22
459	887.21	1237.22
460	892.211	1237.22
461	897.235	1237.22
462	902.283	1237.22
463	907.354	1237.22
464	912.449	1237.22
465	917.568	1237.22
466	922.711	1237.22
467	927.877	1237.22
468	933.067	1237.22
469	938.282	1237.22
470	943.52	1237.22
471	948.782	1237.22
472	954.068	1237.22
473	959.378	1237.22
474	964.712	1237.22
475	970.071	1237.22
476	975.453	1237.22
477	980.86	1237.22
478	986.291	1237.22
479	991.747	1237.22
480	997.227	1237.22
481	1002.73	1237.22
482	1008.26	1237.22
483	1013.81	1237.22
484	1019.39	1237.22
485	1024.99	1237.22
486	1030.62	1237.22
487	1036.27	1237.22
488	1041.95	1237.22
489	1047.65	1237.22
490	1053.38	1237.22
491	1059.13	1237.22
492	1064.9	1237.22
493	1070.7	1237.22
494	1076.53	1237.22
495	1082.38	1237.22
496	1088.26	1237.22
497	1094.16	1237.22
498	1100.09	1237.22
499	1106.04	1237.22
500	1112.01	1237.22
501	1118.02	1237.22
502	1124.04	1237.22
503	1130.1	1237.22
504	1136.18	1237.22
505	1142.28	1237.22
506	1148.41	1237.22
507	1154.56	1237.22
508	1160.74	1237.22
509	1166.95	1237.22
510	1173.18	1237.22
511	1179.44	1237.22
512	1185.73	1237.22
513	1192.03	1237.22
514	1198.37	1237.22
515	1204.73	1237.22
516	1211.12	1237.22
517	1217.53	1237.22
518	1223.97	1237.22
519	1230.44	1237.22
520	1236.93	1237.22
521	1243.45	1237.22
522	1249.99	1237.22
523	1256.56	1237.22
524	1263.16	1237.22
525	1269.78	1237.22
526	1276.44	1237.22
527	1283.11	1237.22
528	1289.81	1237.22
529	1296.54	1237.22
530	1303.3	1237.22
531	1310.08	1237.22
532	1316.89	1237.22
533	1323.73	1237.22
534	1330.59	1237.22
535	1337.48	1237.22
536	1344.4	1237.22
537	1351.35	1237.22
538	1358.32	1237.22
539	1365.32	1237.22
540	1372.34	1237.22
541	1379.39	1237.22
542	1386.47	1237.22
543	1393.58	1237.22
544	1400.71	1237.22
545	1407.88	1237.22
546	1415.07	1237.22
547	1422.28	1237.22
548	1429.53	1237.22
549	1436.8	1237.22
550	1444.1	1237.22
551	1451.42	1237.22
552	1458.78	1237.22
553	1466.16	1237.22
554	1473.57	1237.22
555	1481.01	1237.22
556	1488.47	1237.22
557	1495.97	1237.22
558	1503.49	1237.22
559	1511.04	1237.22
560	1518.61	1237.22
561	1526.22	1237.22
562	1533.85	1237.22
563	1541.51	1237.22
564	1549.2	1237.22
565	1556.92	1237.22
566	1564.67	1237.22
567	1572.44	1237.22
568	1580.25	1237.22
569	1588.08	1237.22
570	1595.94	1237.22
571	1603.83	1237.22
572	1611.74	1237.22
573	1619.69	1237.22
574	1627.67	1237.22
575	1635.67	1237.22
576	1643.7	1237.22
577	1651.76	1237.22
578	1659.85	1237.22
579	1667.97	1237.22
580	1676.12	1237.22
581	1684.3	1237.22
582	1692.5	1237.22
583	1700.74	1237.22
584	1709	1237.22
585	1717.29	1237.22
586	1725.62	1237.22
587	1733.97	1237.22
588	1742.35	1237.22
589	1750.76	1237.22
590	1759.2	1237.22
591	1767.67	1237.22
592	1776.17	1237.22
593	1784.7	1237.22
594	1793.26	1237.22
595	1801.85	1237.22
596	1810.46	1237.22
597	1819.11	1237.22
598	1827.79	1237.22
599	1836.5	1237.22
600	1845.23	1237.22
601	1854	1237.22
602	1862.8	1237.22
603	1871.63	1237.22
604	1880.48	1237.22
605	1889.37	1237.22
606	1898.29	1237.22
607	1907.24	1237.22
608	1916.21	1237.22
609	1925.22	1237.22
610	1934.26	1237.22
611	1943.33	1237.22
612	1952.43	1237.22
613	1961.56	1237.22
614	1970.72	1237.22
615	1979.91	1237.22
616	1989.14	1237.22
617	1998.39	1237.22
618	2007.67	1237.22
619	2016.99	1237.22
620	2026.33	1237.22
621	2035.71	1237.22
622	2045.12	1237.22
623	2054.56	1237.22
624	2064.03	1237.22
625	2073.53	1237.22
626	2083.06	1237.22
627	2092.62	1237.22
628	2102.21	1237.22
629	2111.84	1237.22
630	2121.5	1237.22
631	2131.18	1237.22
632	2140.9	1237.22
633	2150.66	1237.22
634	2160.44	1237.22
635	2170.25	1237.22
636	2180.1	1237.22
637	2189.98	1237.22
638	2199.88	1237.22
639	2209.83	1237.22
640	2219.8	1237.22
641	2229.8	1237.22
642	2239.84	1237.22
643	2249.91	1237.22
644	2260.01	1237.22
645	2270.14	1237.22
646	2280.31	1237.22
647	2290.5	1237.22
648	2300.73	1237.22
649	2310.99	1237.22
650	2321.29	1237.22
651	2331.61	1237.22
652	2341.97	1237.22
653	2352.36	1237.22
654	2362.79	1237.22
655	2373.24	1237.22
656	2383.73	1237.22
657	2394.25	1237.22
658	2404.8	1237.22
659	2415.39	1237.22
660	2426.01	1237.22
661	2436.66	1237.22
662	2447.35	1237.22
663	2458.07	1237.22
664	2468.82	1237.22
665	2479.6	1237.22
666	2490.42	1237.22
667	2501.27	1237.22
668	2512.15	1237.22
669	2523.07	1237.22
670	2534.02	1237.22
671	2545	1237.22
672	2556.01	1237.22
673	2567.06	1237.22
674	2578.15	1237.22
675	2589.26	1237.22
676	2600.41	1237.22
677	2611.6	1237.22
678	2622.82	1237.22
679	2634.07	1237.22
680	2645.35	1237.22
681	2656.67	1237.22
682	2668.02	1237.22
683	2679.41	1237.22
684	2690.83	1237.22
685	2702.28	1237.22
686	2713.77	1237.22
687	2725.29	1237.22
688	2736.85	1237.22
689	2748.44	1237.22
690	2760.07	1237.22
691	2771.72	1237.22
692	2783.42	1237.22
693	2795.15	1237.22
694	2806.91	1237.22
695	2818.7	1237.22
696	2830.54	1237.22
697	2842.4	1237.22
698	2854.3	1237.22
699	2866.24	1237.22
700	2878.21	1237.22
701	2890.21	1237.22
702	2902.25	1237.22
703	2914.32	1237.22
704	2926.43	1237.22
705	2938.58	1237.22
706	2950.75	1237.22
707	2962.97	1237.22
708	2975.22	1237.22
709	2987.5	1237.22
710	2999.82	1237.22
711	3012.17	1237.22
712	3024.56	1237.22
713	3036.99	1237.22
714	3049.45	1237.22
715	3061.95	1237.22
716	3074.48	1237.22
717	3087.04	1237.22
718	3099.65	1237.22
719	3112.28	1237.22
720	3124.96	1237.22
721	3137.67	1237.22
722	3150.41	1237.22
723	3163.19	1237.22
724	3176.01	1237.22
725	3188.86	1237.22
726	3201.75	1237.22
727	3214.68	1237.22
728	3227.64	1237.22
729	3240.63	1237.22
730	3253.67	1237.22
731	3266.74	1237.22
732	3279.84	1237.22
733	3292.98	1237.22
734	3306.16	1237.22
735	3319.38	1237.22
736	3332.63	1237.22
737	3345.91	1237.22
738	3359.24	1237.22
739	3372.6	1237.22
740	3386	1237.22
741	3399.43	1237.22
742	3412.9	1237.22
743	3426.41	1237.22
744	3439.95	1237.22
745	3453.53	1237.22
746	3467.15	1237.22
747	3480.8	1237.22
748	3494.5	1237.22
749	3508.23	1237.22
750	3521.99	1237.22
