130	50.0079
131	50.1249
132	50.2394
133	50.3515
134	50.4612
135	50.5685
136	50.6735
137	50.7762
138	50.8767
139	50.975
140	51.0711
141	51.1651
142	51.257
143	51.3468
144	51.4346
145	51.5203
146	51.6041
147	51.686
148	51.766
149	51.844
150	51.9202
151	51.9946
152	52.0672
153	52.1379
154	52.207
155	52.2742
156	52.3398
157	52.4037
158	52.4659
159	52.5264
160	52.5854
161	52.6427
162	52.6984
163	52.7525
164	52.8051
165	52.8562
166	52.9057
167	52.9537
168	53.0002
169	53.0453
170	53.0889
171	53.131
172	53.1718
173	53.2111
174	53.249
175	53.2855
176	53.3206
177	53.3544
178	53.3868
179	53.4179
180	53.4476
181	53.476
182	53.5031
183	53.529
184	53.5535
185	53.5767
186	53.5987
187	53.6195
188	53.6389
189	53.6572
190	53.6742
191	53.69
192	53.7045
193	53.7179
194	53.73
195	53.741
196	53.7508
197	53.7594
198	53.7668
199	53.7731
200	53.7782
201	53.7822
202	53.785
203	53.7867
204	53.7872
205	53.7866
206	53.7849
207	53.7821
208	53.7781
209	53.7731
210	53.7669
211	53.7597
212	53.7513
213	53.7419
214	53.7314
215	53.7198
216	53.7071
217	53.6934
218	53.6786
219	53.6627
220	53.6457
221	53.6277
222	53.6087
223	53.5886
224	53.5674
225	53.5452
226	53.522
227	53.4977
228	53.4724
229	53.446
230	53.4186
231	53.3902
232	53.3608
233	53.3303
234	53.2988
235	53.2663
236	53.2328
237	53.1982
238	53.1627
239	53.1261
240	53.0885
241	53.0499
242	53.0103
243	52.9697
244	52.9281
245	52.8855
246	52.8418
247	52.7972
248	52.7516
249	52.7049
250	52.6573
251	52.6087
252	52.5591
253	52.5084
254	52.4568
255	52.4042
256	52.3506
257	52.296
258	52.2404
259	52.1838
260	52.1263
261	52.0677
262	52.0081
263	51.9476
264	51.8861
265	51.8235
266	51.76
267	51.6955
268	51.63
269	51.5635
270	51.496
271	51.4276
272	51.3581
273	51.2876
274	51.2162
275	51.1438
276	51.0704
277	50.9959
278	50.9205
279	50.8441
280	50.7668
281	50.6884
282	50.609
283	50.5286
284	50.4473
285	50.3649
286	50.2816
287	50.1972
288	50.1119
289	50.0255
290	49.9382
291	49.8499
292	49.7605
293	49.6702
294	49.5789
295	49.4865
296	49.3932
297	49.2988
298	49.2035
299	49.1071
300	49.0098
301	48.9114
302	48.812
303	48.7117
304	48.6103
305	48.5079
306	48.4045
307	48.3
308	48.1946
309	48.0881
310	47.9806
311	47.8721
312	47.7626
313	47.6521
314	47.5405
315	47.428
316	47.3144
317	47.1997
318	47.0841
319	46.9674
320	46.8497
321	46.7309
322	46.6111
323	46.4903
324	46.3685
325	46.2456
326	46.1217
327	45.9967
328	45.8707
329	45.7437
330	45.6156
331	45.4864
332	45.3562
333	45.225
334	45.0927
335	44.9594
336	44.825
337	44.6895
338	44.553
339	44.4155
340	44.2769
341	44.1372
342	43.9964
343	43.8546
344	43.7117
345	43.5678
346	43.4227
347	43.2766
348	43.1295
349	42.9812
350	42.8319
351	42.6815
352	42.53
353	42.3775
354	42.2238
355	42.0691
356	41.9132
357	41.7563
358	41.5983
359	41.4392
360	41.279
361	41.1177
362	40.9553
363	40.7918
364	40.6272
365	40.4615
366	40.2946
367	40.1267
368	39.9577
369	39.7875
370	39.6162
371	39.4438
372	39.2703
373	39.0957
374	38.9199
375	38.7431
376	38.565
377	38.3859
378	38.2056
379	38.0242
380	37.8417
381	37.658
382	37.4732
383	37.2872
384	37.1001
385	36.9118
386	36.7224
387	36.5319
388	36.3402
389	36.1473
390	35.9533
391	35.7581
392	35.5618
393	35.3643
394	35.1656
395	34.9657
396	34.7647
397	34.5626
398	34.3592
399	34.1547
400	33.949
401	33.7421
402	33.534
403	33.3247
404	33.1143
405	32.9026
406	32.6898
407	32.4758
408	32.2606
409	32.0441
410	31.8265
411	31.6077
412	31.3876
413	31.1664
414	30.944
415	30.7203
416	30.4954
417	30.2693
418	30.042
419	29.8135
420	29.5837
421	29.3527
422	29.1205
423	28.8871
424	28.6524
425	28.4165
426	28.1793
427	27.9409
428	27.7013
429	27.4604
430	27.2183
431	26.9749
432	26.7303
433	26.4844
434	26.2373
435	25.9889
436	25.7392
437	25.4883
438	25.2361
439	24.9826
440	24.7279
441	24.4719
442	24.2146
443	23.9561
444	23.6962
445	23.4351
446	23.1727
447	22.909
448	22.644
449	22.3778
450	22.1102
451	21.8413
452	21.5712
453	21.2997
454	21.0269
455	20.7529
456	20.4775
457	20.2008
458	19.9228
459	19.6434
460	19.3628
461	19.0808
462	18.7975
463	18.5129
464	18.2269
465	17.9397
466	17.6511
467	17.3611
468	17.0698
469	16.7772
470	16.4832
471	16.1879
472	15.8912
473	15.5932
474	15.2938
475	14.9931
476	14.691
477	14.3876
478	14.0828
479	13.7766
480	13.469
481	13.1601
482	12.8498
483	12.5382
484	12.2251
485	11.9107
486	11.5949
487	11.2777
488	10.9591
489	10.6391
490	10.3178
491	9.99501
492	9.67084
493	9.34528
494	9.01832
495	8.68994
496	8.36016
497	8.02897
498	7.69637
499	7.36235
500	7.02691
501	6.69005
502	6.35176
503	6.01205
504	5.67091
505	5.32834
506	4.98433
507	4.63889
508	4.29201
509	3.94369
510	3.59392
511	3.24271
512	2.89005
513	2.53593
514	2.18037
515	1.82334
516	1.46486
517	1.10491
518	0.743499
519	0.380621
520	0.0162728
521	-0.349547
522	-0.716842
523	-1.08561
524	-1.45587
525	-1.8276
526	-2.20082
527	-2.57553
528	-2.95173
529	-3.32942
530	-3.70861
531	-4.08929
532	-4.47148
533	-4.85516
534	-5.24036
535	-5.62706
536	-6.01527
537	-6.405
538	-6.79624
539	-7.18901
540	-7.58329
541	-7.9791
542	-8.37643
543	-8.77529
544	-9.17569
545	-9.57762
546	-9.98108
547	-10.3861
548	-10.7926
549	-11.2007
550	-11.6104
551	-12.0216
552	-12.4343
553	-12.8486
554	-13.2645
555	-13.6819
556	-14.1008
557	-14.5214
558	-14.9435
559	-15.3672
560	-15.7924
561	-16.2193
562	-16.6477
563	-17.0777
564	-17.5093
565	-17.9424
566	-18.3772
567	-18.8135
568	-19.2515
569	-19.691
570	-20.1321
571	-20.5749
572	-21.0192
573	-21.4652
574	-21.9127
575	-22.3619
576	-22.8127
577	-23.2651
578	-23.7191
579	-24.1748
580	-24.6321
581	-25.091
582	-25.5515
583	-26.0137
584	-26.4775
585	-26.9429
586	-27.41
587	-27.8788
588	-28.3491
589	-28.8212
590	-29.2949
591	-29.7702
592	-30.2472
593	-30.7259
594	-31.2062
595	-31.6882
596	-32.1718
597	-32.6571
598	-33.1441
599	-33.6328
600	-34.1232
601	-34.6152
602	-35.1089
603	-35.6043
604	-36.1014
605	-36.6002
606	-37.1007
607	-37.6029
608	-38.1068
609	-38.6124
610	-39.1197
611	-39.6287
612	-40.1394
613	-40.6518
614	-41.1659
615	-41.6818
616	-42.1994
617	-42.7187
618	-43.2397
619	-43.7625
620	-44.287
621	-44.8132
622	-45.3411
623	-45.8709
624	-46.4023
625	-46.9355
626	-47.4704
627	-48.0071
628	-48.5456
629	-49.0858
630	-49.6277
631	-50.1715
632	-50.717
633	-51.2642
634	-51.8132
635	-52.364
636	-52.9166
637	-53.471
638	-54.0271
639	-54.585
640	-55.1447
641	-55.7062
642	-56.2695
643	-56.8345
644	-57.4014
645	-57.9701
646	-58.5405
647	-59.1128
648	-59.6869
649	-60.2628
650	-60.8405
651	-61.42
652	-62.0013
653	-62.5845
654	-63.1695
655	-63.7563
656	-64.3449
657	-64.9354
658	-65.5277
659	-66.1218
660	-66.7178
661	-67.3156
662	-67.9153
663	-68.5168
664	-69.1202
665	-69.7254
666	-70.3324
667	-70.9414
668	-71.5522
669	-72.1648
670	-72.7793
671	-73.3957
672	-74.014
673	-74.6341
674	-75.2561
675	-75.88
676	-76.5058
677	-77.1334
678	-77.763
679	-78.3944
680	-79.0278
681	-79.663
682	-80.3001
683	-80.9391
684	-81.5801
685	-82.2229
686	-82.8676
687	-83.5143
688	-84.1629
689	-84.8134
690	-85.4658
691	-86.1201
692	-86.7764
693	-87.4346
694	-88.0947
695	-88.7567
696	-89.4207
697	-90.0866
698	-90.7545
699	-91.4243
700	-92.0961
701	-92.7698
702	-93.4455
703	-94.1231
704	-94.8027
705	-95.4842
706	-96.1677
707	-96.8532
708	-97.5406
709	-98.23
710	-98.9214
711	-99.6148
712	-100.31
713	-101.007
714	-101.707
715	-102.408
716	-103.111
717	-103.817
718	-104.524
719	-105.233
720	-105.944
721	-106.658
722	-107.373
723	-108.09
724	-108.81
725	-109.531
726	-110.254
727	-110.98
728	-111.707
729	-112.436
730	-113.168
731	-113.901
732	-114.637
733	-115.374
734	-116.114
735	-116.856
736	-117.599
737	-118.345
738	-119.093
739	-119.843
740	-120.594
741	-121.348
742	-122.104
743	-122.862
744	-123.623
745	-124.385
746	-125.149
747	-125.915
748	-126.684
749	-127.454
750	-128.227
