130	0.394857
131	0.392644
132	0.390447
133	0.388265
134	0.386098
135	0.383946
136	0.381809
137	0.379687
138	0.37758
139	0.375488
140	0.373411
141	0.371349
142	0.369302
143	0.367269
144	0.365252
145	0.363249
146	0.36126
147	0.359286
148	0.357326
149	0.35538
150	0.353448
151	0.35153
152	0.349627
153	0.347737
154	0.34586
155	0.343998
156	0.342148
157	0.340312
158	0.338489
159	0.33668
160	0.334883
161	0.333099
162	0.331328
163	0.329569
164	0.327823
165	0.326089
166	0.324367
167	0.322658
168	0.32096
169	0.319274
170	0.3176
171	0.315938
172	0.314287
173	0.312647
174	0.311019
175	0.309401
176	0.307795
177	0.3062
178	0.304615
179	0.303041
180	0.301477
181	0.299924
182	0.298381
183	0.296848
184	0.295326
185	0.293813
186	0.29231
187	0.290817
188	0.289334
189	0.287859
190	0.286395
191	0.284939
192	0.283493
193	0.282056
194	0.280628
195	0.279209
196	0.277798
197	0.276396
198	0.275003
199	0.273618
200	0.272242
201	0.270873
202	0.269513
203	0.268161
204	0.266817
205	0.265481
206	0.264153
207	0.262832
208	0.261519
209	0.260214
210	0.258916
211	0.257626
212	0.256342
213	0.255066
214	0.253797
215	0.252535
216	0.25128
217	0.250032
218	0.248791
219	0.247556
220	0.246328
221	0.245106
222	0.243891
223	0.242683
224	0.24148
225	0.240284
226	0.239094
227	0.237911
228	0.236733
229	0.235561
230	0.234395
231	0.233235
232	0.232081
233	0.230933
234	0.22979
235	0.228652
236	0.227521
237	0.226394
238	0.225273
239	0.224157
240	0.223047
241	0.221942
242	0.220842
243	0.219747
244	0.218657
245	0.217571
246	0.216491
247	0.215416
248	0.214345
249	0.21328
250	0.212219
251	0.211162
252	0.21011
253	0.209063
254	0.20802
255	0.206981
256	0.205947
257	0.204918
258	0.203892
259	0.202871
260	0.201854
261	0.200841
262	0.199832
263	0.198827
264	0.197826
265	0.196829
266	0.195836
267	0.194847
268	0.193861
269	0.19288
270	0.191902
271	0.190927
272	0.189957
273	0.18899
274	0.188026
275	0.187067
276	0.18611
277	0.185157
278	0.184207
279	0.183261
280	0.182318
281	0.181379
282	0.180442
283	0.179509
284	0.178579
285	0.177652
286	0.176728
287	0.175807
288	0.17489
289	0.173975
290	0.173063
291	0.172154
292	0.171249
293	0.170345
294	0.169445
295	0.168548
296	0.167653
297	0.166761
298	0.165872
299	0.164985
300	0.164101
301	0.16322
302	0.162341
303	0.161465
304	0.160592
305	0.15972
306	0.158852
307	0.157985
308	0.157122
309	0.15626
310	0.155401
311	0.154544
312	0.15369
313	0.152837
314	0.151987
315	0.15114
316	0.150294
317	0.149451
318	0.14861
319	0.14777
320	0.146933
321	0.146098
322	0.145265
323	0.144435
324	0.143606
325	0.142779
326	0.141954
327	0.141131
328	0.14031
329	0.13949
330	0.138673
331	0.137857
332	0.137044
333	0.136232
334	0.135422
335	0.134613
336	0.133807
337	0.133002
338	0.132198
339	0.131397
340	0.130597
341	0.129799
342	0.129002
343	0.128207
344	0.127413
345	0.126621
346	0.125831
347	0.125042
348	0.124255
349	0.123469
350	0.122684
351	0.121901
352	0.12112
353	0.12034
354	0.119561
355	0.118784
356	0.118007
357	0.117233
358	0.116459
359	0.115687
360	0.114917
361	0.114147
362	0.113379
363	0.112612
364	0.111846
365	0.111082
366	0.110318
367	0.109556
368	0.108795
369	0.108035
370	0.107277
371	0.106519
372	0.105762
373	0.105007
374	0.104253
375	0.103499
376	0.102747
377	0.101996
378	0.101246
379	0.100497
380	0.0997487
381	0.0990015
382	0.0982553
383	0.0975101
384	0.0967658
385	0.0960224
386	0.0952799
387	0.0945384
388	0.0937977
389	0.0930579
390	0.092319
391	0.0915809
392	0.0908437
393	0.0901073
394	0.0893717
395	0.0886369
396	0.0879029
397	0.0871697
398	0.0864372
399	0.0857056
400	0.0849746
401	0.0842444
402	0.0835149
403	0.0827862
404	0.0820581
405	0.0813307
406	0.080604
407	0.079878
408	0.0791526
409	0.0784279
410	0.0777038
411	0.0769803
412	0.0762575
413	0.0755353
414	0.0748136
415	0.0740926
416	0.0733721
417	0.0726522
418	0.0719328
419	0.071214
420	0.0704958
421	0.069778
422	0.0690608
423	0.0683441
424	0.0676279
425	0.0669122
426	0.066197
427	0.0654822
428	0.0647679
429	0.0640541
430	0.0633407
431	0.0626277
432	0.0619152
433	0.0612031
434	0.0604914
435	0.0597801
436	0.0590692
437	0.0583587
438	0.0576486
439	0.0569388
440	0.0562294
441	0.0555204
442	0.0548117
443	0.0541033
444	0.0533953
445	0.0526875
446	0.0519802
447	0.0512731
448	0.0505663
449	0.0498598
450	0.0491536
451	0.0484476
452	0.047742
453	0.0470366
454	0.0463314
455	0.0456265
456	0.0449218
457	0.0442174
458	0.0435132
459	0.0428092
460	0.0421054
461	0.0414019
462	0.0406985
463	0.0399953
464	0.0392923
465	0.0385895
466	0.0378869
467	0.0371844
468	0.036482
469	0.0357799
470	0.0350778
471	0.034376
472	0.0336742
473	0.0329726
474	0.0322711
475	0.0315697
476	0.0308684
477	0.0301672
478	0.0294661
479	0.0287651
480	0.0280642
481	0.0273633
482	0.0266626
483	0.0259618
484	0.0252612
485	0.0245606
486	0.0238601
487	0.0231595
488	0.0224591
489	0.0217586
490	0.0210582
491	0.0203578
492	0.0196575
493	0.0189571
494	0.0182567
495	0.0175563
496	0.016856
497	0.0161556
498	0.0154552
499	0.0147547
500	0.0140543
501	0.0133538
502	0.0126532
503	0.0119527
504	0.011252
505	0.0105514
506	0.00985062
507	0.00914982
508	0.00844894
509	0.00774799
510	0.00704697
511	0.00634586
512	0.00564466
513	0.00494336
514	0.00424197
515	0.00354048
516	0.00283887
517	0.00213716
518	0.00143533
519	0.000733373
520	3.12938e-005
521	-0.000670916
522	-0.00137326
523	-0.00207575
524	-0.00277838
525	-0.00348115
526	-0.00418409
527	-0.00488717
528	-0.00559042
529	-0.00629384
530	-0.00699743
531	-0.00770119
532	-0.00840513
533	-0.00910925
534	-0.00981356
535	-0.0105181
536	-0.0112228
537	-0.0119277
538	-0.0126328
539	-0.0133381
540	-0.0140436
541	-0.0147493
542	-0.0154553
543	-0.0161615
544	-0.0168679
545	-0.0175745
546	-0.0182814
547	-0.0189885
548	-0.0196959
549	-0.0204035
550	-0.0211113
551	-0.0218194
552	-0.0225278
553	-0.0232364
554	-0.0239453
555	-0.0246545
556	-0.025364
557	-0.0260737
558	-0.0267837
559	-0.027494
560	-0.0282045
561	-0.0289154
562	-0.0296266
563	-0.030338
564	-0.0310498
565	-0.0317618
566	-0.0324742
567	-0.0331869
568	-0.0338999
569	-0.0346132
570	-0.0353269
571	-0.0360409
572	-0.0367552
573	-0.0374698
574	-0.0381848
575	-0.0389001
576	-0.0396157
577	-0.0403317
578	-0.0410481
579	-0.0417648
580	-0.0424819
581	-0.0431993
582	-0.0439171
583	-0.0446352
584	-0.0453537
585	-0.0460726
586	-0.0467919
587	-0.0475115
588	-0.0482315
589	-0.0489519
590	-0.0496727
591	-0.0503939
592	-0.0511155
593	-0.0518375
594	-0.0525598
595	-0.0532826
596	-0.0540058
597	-0.0547294
598	-0.0554534
599	-0.0561778
600	-0.0569027
601	-0.0576279
602	-0.0583536
603	-0.0590797
604	-0.0598062
605	-0.0605332
606	-0.0612606
607	-0.0619884
608	-0.0627167
609	-0.0634454
610	-0.0641746
611	-0.0649042
612	-0.0656343
613	-0.0663648
614	-0.0670958
615	-0.0678273
616	-0.0685592
617	-0.0692915
618	-0.0700244
619	-0.0707577
620	-0.0714915
621	-0.0722257
622	-0.0729605
623	-0.0736957
624	-0.0744314
625	-0.0751676
626	-0.0759042
627	-0.0766414
628	-0.0773791
629	-0.0781172
630	-0.0788559
631	-0.0795951
632	-0.0803347
633	-0.0810749
634	-0.0818156
635	-0.0825568
636	-0.0832985
637	-0.0840407
638	-0.0847835
639	-0.0855268
640	-0.0862706
641	-0.0870149
642	-0.0877598
643	-0.0885051
644	-0.0892511
645	-0.0899975
646	-0.0907445
647	-0.0914921
648	-0.0922402
649	-0.0929888
650	-0.093738
651	-0.0944877
652	-0.095238
653	-0.0959888
654	-0.0967403
655	-0.0974922
656	-0.0982447
657	-0.0989978
658	-0.0997515
659	-0.100506
660	-0.101261
661	-0.102016
662	-0.102772
663	-0.103528
664	-0.104286
665	-0.105043
666	-0.105802
667	-0.10656
668	-0.10732
669	-0.10808
670	-0.108841
671	-0.109602
672	-0.110364
673	-0.111126
674	-0.111889
675	-0.112653
676	-0.113417
677	-0.114182
678	-0.114948
679	-0.115714
680	-0.116481
681	-0.117248
682	-0.118016
683	-0.118784
684	-0.119554
685	-0.120324
686	-0.121094
687	-0.121865
688	-0.122637
689	-0.123409
690	-0.124182
691	-0.124956
692	-0.12573
693	-0.126505
694	-0.127281
695	-0.128057
696	-0.128834
697	-0.129612
698	-0.13039
699	-0.131169
700	-0.131948
701	-0.132729
702	-0.133509
703	-0.134291
704	-0.135073
705	-0.135856
706	-0.13664
707	-0.137424
708	-0.138209
709	-0.138994
710	-0.139781
711	-0.140568
712	-0.141355
713	-0.142144
714	-0.142933
715	-0.143722
716	-0.144513
717	-0.145304
718	-0.146096
719	-0.146888
720	-0.147681
721	-0.148475
722	-0.14927
723	-0.150065
724	-0.150861
725	-0.151658
726	-0.152455
727	-0.153253
728	-0.154052
729	-0.154852
730	-0.155652
731	-0.156453
732	-0.157255
733	-0.158058
734	-0.158861
735	-0.159665
736	-0.160469
737	-0.161275
738	-0.162081
739	-0.162888
740	-0.163696
741	-0.164504
742	-0.165313
743	-0.166123
744	-0.166934
745	-0.167745
746	-0.168557
747	-0.16937
748	-0.170184
749	-0.170998
750	-0.171813
