45	30110.5
46	28976.1
47	27920.3
48	26936.8
49	26019.8
50	25164.4
51	24365.7
52	23619.7
53	22922.6
54	22270.8
55	21661.2
56	21091.1
57	20557.7
58	20058.7
59	19591.8
60	19155.2
61	18746.8
62	18365.2
63	18008.5
64	17675.5
65	17364.9
66	17075.2
67	16805.5
68	16554.7
69	16321.7
70	16105.7
71	15905.8
72	15721.3
73	15551.3
74	15395.3
75	15252.5
76	15122.4
77	15004.4
78	14898
79	14802.6
80	14717.9
81	14643.4
82	14578.7
83	14523.4
84	14477.1
85	14439.6
86	14410.4
87	14389.3
88	14376
89	14370.3
90	14371.8
91	14380.4
92	14395.8
93	14417.8
94	14446.2
95	14480.8
96	14521.4
97	14567.8
98	14620
99	14677.7
100	14740.7
101	14809
102	14882.4
103	14960.8
104	15044.1
105	15132
106	15224.6
107	15321.8
108	15423.3
109	15529.2
110	15639.4
111	15753.6
112	15872
113	15994.3
114	16120.6
115	16250.6
116	16384.5
117	16522
118	16663.2
119	16808
120	16956.3
121	17108
122	17263.1
123	17421.6
124	17583.4
125	17748.5
126	17916.8
127	18088.2
128	18262.8
129	18440.4
130	18621.1
131	18804.8
132	18991.4
133	19181
134	19373.5
135	19568.9
136	19767.1
137	19968.1
138	20171.9
139	20378.4
140	20587.7
141	20799.7
142	21014.3
143	21231.6
144	21451.5
145	21674
146	21899.1
147	22126.7
148	22356.9
149	22589.6
150	22824.8
151	23062.5
152	23302.6
153	23545.2
154	23790.2
155	24037.7
156	24287.5
157	24539.7
158	24794.3
159	25051.3
160	25310.5
161	25572.1
162	25836.1
163	26102.3
164	26370.8
165	26641.6
166	26914.6
167	27190
168	27467.5
169	27747.3
170	28029.3
171	28313.6
172	28600
173	28888.6
174	29179.4
175	29472.4
176	29767.6
177	30064.9
178	30364.4
179	30666
180	30969.8
181	31275.6
182	31583.6
183	31893.8
184	32206
185	32520.3
186	32836.8
187	33155.3
188	33475.9
189	33798.6
190	34123.3
191	34450.2
192	34779.1
193	35110
194	35443
195	35778
196	36115.1
197	36454.2
198	36795.3
199	37138.5
200	37483.7
201	37830.9
202	38180.1
203	38531.4
204	38884.6
205	39239.8
206	39597
207	39956.3
208	40317.5
209	40680.7
210	41045.9
211	41413
212	41782.2
213	42153.3
214	42526.4
215	42901.4
216	43278.4
217	43657.4
218	44038.3
219	44421.2
220	44806
221	45192.8
222	45581.6
223	45972.2
224	46364.9
225	46759.4
226	47155.9
227	47554.3
228	47954.7
229	48357
230	48761.2
231	49167.3
232	49575.4
233	49985.4
234	50397.3
235	50811.1
236	51226.9
237	51644.5
238	52064.1
239	52485.5
240	52908.9
241	53334.2
242	53761.4
243	54190.5
244	54621.5
245	55054.4
246	55489.2
247	55925.9
248	56364.5
249	56804.9
250	57247.3
251	57691.6
252	58137.7
253	58585.8
254	59035.7
255	59487.5
256	59941.2
257	60396.8
258	60854.2
259	61313.5
260	61774.8
261	62237.9
262	62702.8
263	63169.7
264	63638.4
265	64109
266	64581.5
267	65055.8
268	65532
269	66010.1
270	66490
271	66971.8
272	67455.5
273	67941.1
274	68428.5
275	68917.7
276	69408.9
277	69901.9
278	70396.7
279	70893.4
280	71392
281	71892.5
282	72394.7
283	72898.9
284	73404.9
285	73912.8
286	74422.5
287	74934
288	75447.5
289	75962.7
290	76479.9
291	76998.9
292	77519.7
293	78042.4
294	78566.9
295	79093.3
296	79621.5
297	80151.6
298	80683.5
299	81217.2
300	81752.9
301	82290.3
302	82829.6
303	83370.8
304	83913.7
305	84458.6
306	85005.3
307	85553.8
308	86104.1
309	86656.3
310	87210.4
311	87766.2
312	88323.9
313	88883.5
314	89444.9
315	90008.1
316	90573.2
317	91140.1
318	91708.8
319	92279.4
320	92851.8
321	93426.1
322	94002.2
323	94580.1
324	95159.8
325	95741.4
326	96324.9
327	96910.1
328	97497.2
329	98086.1
330	98676.9
331	99269.4
332	99863.9
333	100460
334	101058
335	101658
336	102260
337	102863
338	103469
339	104076
340	104685
341	105296
342	105909
343	106523
344	107140
345	107758
346	108378
347	109000
348	109623
349	110249
350	110876
351	111505
352	112136
353	112769
354	113404
355	114040
356	114678
357	115318
358	115960
359	116604
360	117250
361	117897
362	118546
363	119197
364	119850
365	120505
366	121161
367	121820
368	122480
369	123142
370	123806
371	124471
372	125139
373	125808
374	126479
375	127152
376	127826
377	128503
378	129181
379	129861
380	130543
381	131227
382	131913
383	132600
384	133290
385	133981
386	134674
387	135368
388	136065
389	136763
390	137463
391	138165
392	138869
393	139575
394	140282
395	140991
396	141703
397	142415
398	143130
399	143847
400	144565
401	145285
402	146007
403	146731
404	147456
405	148184
406	148913
407	149644
408	150377
409	151112
410	151848
411	152587
412	153327
413	154069
414	154812
415	155558
416	156305
417	157054
418	157805
419	158558
420	159313
421	160069
422	160828
423	161588
424	162350
425	163113
426	163879
427	164646
428	165415
429	166186
430	166959
431	167734
432	168510
433	169288
434	170068
435	170850
436	171634
437	172419
438	173206
439	173995
440	174786
441	175579
442	176374
443	177170
444	177968
445	178768
446	179570
447	180373
448	181179
449	181986
450	182795
451	183606
452	184418
453	185233
454	186049
455	186867
456	187687
457	188509
458	189332
459	190157
460	190984
461	191813
462	192644
463	193477
464	194311
465	195147
466	195985
467	196825
468	197666
469	198510
470	199355
471	200202
472	201051
473	201902
474	202754
475	203608
476	204464
477	205322
478	206182
479	207043
480	207907
481	208772
482	209639
483	210507
484	211378
485	212250
486	213124
487	214000
488	214878
489	215758
490	216639
491	217522
492	218407
493	219294
494	220183
495	221073
496	221966
497	222860
498	223755
499	224653
500	225553
501	226454
502	227357
503	228262
504	229169
505	230077
506	230987
507	231899
508	232813
509	233729
510	234647
511	235566
512	236487
513	237410
514	238335
515	239262
516	240190
517	241120
518	242052
519	242986
520	243922
521	244859
522	245798
523	246739
524	247682
525	248627
526	249573
527	250522
528	251472
529	252424
530	253377
531	254333
532	255290
533	256249
534	257210
535	258173
536	259137
537	260104
538	261072
539	262042
540	263014
541	263987
542	264963
543	265940
544	266919
545	267900
546	268882
547	269867
548	270853
549	271841
550	272831
551	273822
552	274816
553	275811
554	276808
555	277807
556	278808
557	279810
558	280814
559	281820
560	282828
561	283838
562	284850
563	285863
564	286878
565	287895
566	288914
567	289934
568	290957
569	291981
570	293007
571	294034
572	295064
573	296095
574	297129
575	298163
576	299200
577	300239
578	301279
579	302321
580	303365
581	304411
582	305459
583	306508
584	307560
585	308613
586	309667
587	310724
588	311783
589	312843
590	313905
591	314969
592	316034
593	317102
594	318171
595	319242
596	320315
597	321390
598	322466
599	323545
600	324625
601	325707
602	326791
603	327876
604	328963
605	330053
606	331143
607	332236
608	333331
609	334427
610	335525
611	336625
612	337727
613	338831
614	339936
615	341043
616	342152
617	343263
618	344376
619	345490
620	346606
621	347724
622	348844
623	349966
624	351089
625	352215
626	353342
627	354470
628	355601
629	356734
630	357868
631	359004
632	360142
633	361281
634	362423
635	363566
636	364711
637	365858
638	367007
639	368157
640	369310
641	370464
642	371620
643	372778
644	373937
645	375098
646	376262
647	377427
648	378593
649	379762
650	380932
651	382104
652	383278
653	384454
654	385632
655	386811
656	387992
657	389175
658	390360
659	391547
660	392735
661	393925
662	395117
663	396311
664	397507
665	398704
666	399903
667	401104
668	402307
669	403512
670	404718
671	405927
672	407137
673	408349
674	409562
675	410778
676	411995
677	413214
678	414435
679	415658
680	416882
681	418108
682	419337
683	420566
684	421798
685	423032
686	424267
687	425504
688	426743
689	427984
690	429226
691	430471
692	431717
693	432965
694	434214
695	435466
696	436719
697	437975
698	439231
699	440490
700	441751
701	443013
702	444277
703	445543
704	446811
705	448081
706	449352
707	450625
708	451900
709	453177
710	454456
711	455736
712	457018
713	458302
714	459588
715	460876
716	462165
717	463457
718	464750
719	466045
720	467341
721	468640
722	469940
723	471242
724	472546
725	473852
726	475159
727	476468
728	477779
729	479092
730	480407
731	481723
732	483042
733	484362
734	485684
735	487007
736	488333
737	489660
738	490989
739	492320
740	493653
741	494988
742	496324
743	497662
744	499002
745	500344
746	501687
747	503033
748	504380
749	505729
750	507080
